A, 0, 19, 5, 0
A, 0, 18, 17, 0
A, 0, 17, 7, 0
A, 0, 10, 19, 0
A, 0, 9, 32, 0
A, 0, 8, 31, 0
A, 1, 19, 5, 12
A, 1, 18, 17, 12
A, 1, 17, 7, 12
A, 1, 10, 19, 12
A, 1, 9, 32, 12
A, 1, 8, 31, 12
A, 2, 19, 5, 24
A, 2, 18, 17, 24
A, 2, 17, 7, 24
A, 2, 16, 0, 0
A, 2, 15, 6, 0
A, 2, 14, 8, 0
A, 2, 13, 3, 0
A, 2, 12, 14, 0
A, 2, 11, 23, 0
A, 2, 10, 19, 24
A, 2, 9, 32, 24
A, 2, 8, 31, 24
A, 3, 19, 5, 36
A, 3, 18, 17, 36
A, 3, 17, 7, 36
A, 3, 16, 0, 12
A, 3, 15, 6, 12
A, 3, 14, 8, 12
A, 3, 13, 3, 12
A, 3, 12, 14, 12
A, 3, 11, 23, 12
A, 3, 10, 19, 36
A, 3, 9, 32, 36
A, 3, 8, 31, 36
A, 4, 19, 5, 48
A, 4, 18, 17, 48
A, 4, 17, 7, 48
A, 4, 16, 0, 24
A, 4, 15, 6, 24
A, 4, 14, 8, 24
A, 4, 13, 3, 24
A, 4, 12, 14, 24
A, 4, 11, 23, 24
A, 4, 10, 19, 48
A, 4, 9, 32, 48
A, 4, 8, 31, 48
A, 5, 19, 5, 60
A, 5, 18, 17, 60
A, 5, 17, 7, 60
A, 5, 16, 0, 36
A, 5, 15, 6, 36
A, 5, 14, 8, 36
A, 5, 13, 3, 36
A, 5, 12, 14, 36
A, 5, 11, 23, 36
A, 5, 10, 19, 60
A, 5, 9, 32, 60
A, 5, 8, 31, 60
A, 6, 19, 5, 72
A, 6, 18, 17, 72
A, 6, 17, 7, 72
A, 6, 15, 6, 48
A, 6, 14, 8, 48
A, 6, 13, 3, 48
A, 6, 12, 14, 48
A, 6, 11, 23, 48
A, 6, 10, 19, 72
A, 6, 9, 32, 72
A, 6, 8, 31, 72
A, 7, 19, 5, 84
A, 7, 18, 17, 84
A, 7, 17, 7, 84
A, 7, 16, 0, 48
A, 7, 15, 6, 60
A, 7, 14, 8, 60
A, 7, 13, 3, 60
A, 7, 12, 14, 60
A, 7, 11, 23, 60
A, 7, 10, 19, 84
A, 7, 9, 32, 84
A, 7, 8, 31, 84
A, 8, 19, 5, 96
A, 8, 18, 17, 96
A, 8, 17, 7, 96
A, 8, 16, 0, 60
A, 8, 15, 6, 72
A, 8, 14, 8, 72
A, 8, 13, 3, 72
A, 8, 12, 14, 72
A, 8, 11, 23, 72
A, 8, 10, 19, 96
A, 8, 9, 32, 96
A, 8, 8, 31, 96
A, 9, 19, 5, 108
A, 9, 18, 17, 108
A, 9, 17, 7, 108
A, 9, 16, 0, 72
A, 9, 15, 6, 84
A, 9, 14, 8, 84
A, 9, 13, 3, 84
A, 9, 12, 14, 84
A, 9, 11, 23, 84
A, 9, 10, 19, 108
A, 9, 8, 31, 108
A, 10, 19, 5, 120
A, 10, 18, 17, 120
A, 10, 17, 7, 120
A, 10, 16, 0, 84
A, 10, 15, 6, 96
A, 10, 14, 8, 96
A, 10, 13, 3, 96
A, 10, 12, 14, 96
A, 10, 11, 23, 96
A, 10, 10, 19, 120
A, 10, 9, 32, 108
A, 10, 8, 31, 120
A, 11, 19, 20, 0
A, 11, 18, 22, 0
A, 11, 17, 1, 0
A, 11, 16, 33, 0
A, 11, 15, 34, 0
A, 11, 14, 24, 0
A, 11, 13, 30, 0
A, 11, 12, 25, 0
A, 11, 11, 9, 0
A, 11, 10, 15, 0
A, 11, 9, 18, 0
A, 11, 8, 11, 0
A, 12, 19, 20, 12
A, 12, 18, 22, 12
A, 12, 17, 1, 12
A, 12, 16, 33, 12
A, 12, 15, 34, 12
A, 12, 14, 24, 12
A, 12, 12, 25, 12
A, 12, 11, 9, 12
A, 12, 10, 15, 12
A, 12, 9, 18, 12
A, 12, 8, 11, 12
A, 13, 19, 20, 24
A, 13, 18, 22, 24
A, 13, 17, 1, 24
A, 13, 16, 33, 24
A, 13, 15, 34, 24
A, 13, 14, 24, 24
A, 13, 13, 30, 12
A, 13, 12, 25, 24
A, 13, 11, 9, 24
A, 13, 10, 15, 24
A, 13, 9, 18, 24
A, 13, 8, 11, 24
A, 14, 19, 20, 36
A, 14, 18, 22, 36
A, 14, 17, 1, 36
A, 14, 16, 33, 36
A, 14, 15, 34, 36
A, 14, 14, 24, 36
A, 14, 13, 30, 24
A, 14, 12, 25, 36
A, 14, 11, 9, 36
A, 14, 10, 15, 36
A, 14, 9, 18, 36
A, 14, 8, 11, 36
A, 15, 19, 20, 48
A, 15, 18, 22, 48
A, 15, 16, 33, 48
A, 15, 15, 34, 48
A, 15, 14, 24, 48
A, 15, 13, 30, 36
A, 15, 12, 25, 48
A, 15, 11, 9, 48
A, 15, 10, 15, 48
A, 15, 9, 18, 48
A, 15, 8, 11, 48
A, 16, 19, 20, 60
A, 16, 18, 22, 60
A, 16, 17, 1, 48
A, 16, 16, 33, 60
A, 16, 15, 34, 60
A, 16, 14, 24, 60
A, 16, 13, 30, 48
A, 16, 12, 25, 60
A, 16, 11, 9, 60
A, 16, 10, 15, 60
A, 16, 9, 18, 60
A, 16, 8, 11, 60
A, 17, 19, 20, 72
A, 17, 18, 22, 72
A, 17, 17, 1, 60
A, 17, 16, 33, 72
A, 17, 15, 34, 72
A, 17, 14, 24, 72
A, 17, 13, 30, 60
A, 17, 12, 25, 72
A, 17, 11, 9, 72
A, 17, 10, 15, 72
A, 17, 9, 18, 72
A, 17, 8, 11, 72
A, 18, 18, 22, 84
A, 18, 17, 1, 72
A, 18, 16, 33, 84
A, 18, 15, 34, 84
A, 18, 14, 24, 84
A, 18, 13, 30, 72
A, 18, 11, 9, 84
A, 18, 10, 15, 84
A, 18, 9, 18, 84
A, 19, 18, 22, 96
A, 19, 17, 1, 84
A, 19, 16, 33, 96
A, 19, 15, 34, 96
A, 19, 14, 24, 96
A, 19, 13, 30, 84
A, 19, 12, 25, 84
A, 19, 11, 9, 96
A, 19, 10, 15, 96
A, 19, 9, 18, 96
B, 2, 027, 0
B, 3, 010, 0
B, 4, 028, 0
B, 5, 036, 0
B, 6, 037, 0
B, 7, 013, 0
B, 2, 127, 12
B, 3, 110, 12
B, 4, 128, 12
B, 5, 136, 12
B, 6, 137, 12
B, 7, 113, 12
B, 2, 227, 24
B, 3, 210, 24
B, 4, 228, 24
B, 5, 236, 24
B, 7, 213, 24
B, 2, 327, 36
B, 3, 310, 36
B, 4, 328, 36
B, 5, 336, 36
B, 6, 337, 24
B, 7, 313, 36
B, 2, 427, 48
B, 3, 410, 48
B, 4, 428, 48
B, 5, 436, 48
B, 6, 437, 36
B, 7, 413, 48
B, 2, 527, 60
B, 4, 528, 60
B, 5, 536, 60
B, 6, 537, 48
B, 7, 513, 60
B, 2, 627, 72
B, 3, 610, 60
B, 4, 628, 72
B, 5, 636, 72
B, 6, 637, 60
B, 7, 613, 72
C, 0, 0, 26, 0
C, 2, 0, 26, 12
C, 3, 0, 26, 24
C, 4, 0, 26, 36
C, 5, 0, 26, 60
D, 0, 0, 29, 0
D, 1, 0, 29, 12
D, 2, 0, 29, 24
D, 3, 0, 29, 36
D, 4, 0, 29, 48
D, 5, 0, 29, 72
E, 0, 0, 35, 0
E, 1, 0, 35, 12
E, 2, 0, 35, 24
E, 3, 0, 35, 36
E, 4, 0, 35, 48
E, 5, 0, 35, 60
